# Created by Octave 8.4.0, Fri Feb 09 16:46:39 2024 GMT <unknown@DESKTOP-S7NNTRN>
# name: ans
# type: sq_string
# elements: 1
# length: 13
C:\Users\ASUS


# name: c1
# type: matrix
# rows: 5
# columns: 1
 1
 2
 3
 4
 5


# name: r1
# type: matrix
# rows: 1
# columns: 5
 1 2 3 4 5


